# search for squarks and gluinos in MET_jet final states

Inputfile:
XSect:           694500 fb
 Error:          3628 fb
MCEvents:        10000
 SumOfWeights:   10000
 SumOfWeights2:  10000
 NormEvents:     9.65355e+07

Cut     Sum_W  Sum_W2  Acc  N_Norm       
00_all  10000  10000   1    9.65355e+07  
